gene	baseMean	log2FoldChange	lfcSE	stat	pvalue	padj
ENSG00000287927.1_CTA-392E5.2	8.291160496567	5.80687154361934	1.06916976454022	5.43119693074796	5.59773188784293e-08	0.000477059574660034
ENSG00000096006.12_CRISP3	26.7122842672981	4.53261489508516	1.00945286957894	4.4901699045898	7.11663839104241e-06	0.00477012766434251
ENSG00000178752.16_ERFE	13.2181365408745	3.95415282371094	0.760667622648643	5.19826624136122	2.01155878624616e-07	0.000477059574660034
ENSG00000235888.3_AF064858.8	13.1456061071709	2.82930388404962	0.72150026267705	3.92141767703839	8.80295235096778e-05	0.0162732377908005
ENSG00000103723.17_AP3B2	17.7732288972132	2.82921152917351	0.687112382183849	4.11753826962254	3.82940954279697e-05	0.00995476285147533
ENSG00000076864.20_RAP1GAP	207.908143230921	2.71244144764901	0.694655812376905	3.90472720348779	9.43317324092644e-05	0.0164700388913967
ENSG00000118113.12_MMP8	102.01372166792	2.60061191727193	0.751647351719161	3.45988303068432	0.000540410080845265	0.0426167576941446
ENSG00000012223.13_LTF	451.068965456843	2.52425185077647	0.742303473925026	3.40056585944447	0.000672465346339331	0.0475794013669829
ENSG00000103175.11_WFDC1	13.710430433103	2.32375700274735	0.570880815819186	4.07047660099222	4.69170536411154e-05	0.0109767138698754
ENSG00000118520.15_ARG1	117.782687139093	2.31923549395527	0.495309939044374	4.68239239945373	2.83546033300678e-06	0.00258244137811832
ENSG00000197561.7_ELANE	20.0372640389125	2.25391781636977	0.640722973665991	3.51777274892087	0.00043518487013465	0.0400286164918323
ENSG00000163958.14_ZDHHC19	22.1003612254575	2.24996747910923	0.62024916345998	3.62752198899886	0.000286154411554122	0.0309947620959271
ENSG00000152463.15_OLAH	27.3906766784952	2.24869297883678	0.600986316127527	3.74167084755988	0.000182800839476382	0.0251576967081732
ENSG00000137460.10_FHDC1	57.3812450123182	2.13141958127103	0.514748117253947	4.14070398672193	3.46241543877227e-05	0.00985827922490655
ENSG00000204936.10_CD177	137.51193931056	2.12964889711354	0.589126440178194	3.61492669802663	0.000300432614894271	0.0316785331585628
ENSG00000087085.16_ACHE	23.9743102895479	2.06573898475191	0.589471408456331	3.50439216409416	0.000457650873013341	0.04084853517853
ENSG00000167680.17_SEMA6B	11.4663233938953	2.04162196216071	0.600589670448736	3.39936243098436	0.000675431485028986	0.0475794013669829
ENSG00000123836.15_PFKFB2	172.753544400755	1.98823186745237	0.372647635682254	5.33542058790271	9.53233416181911e-08	0.000477059574660034
ENSG00000135519.8_KCNH3	66.723774504337	1.94709025797201	0.407838776066179	4.77416658796579	1.80452966751934e-06	0.00191903527733102
ENSG00000240583.14_AQP1	17.5046850972382	1.86983218607679	0.517158124956331	3.61559085286475	0.000299663353017348	0.0316785331585628
ENSG00000100985.7_MMP9	570.450741992255	1.76689127147384	0.437064044018466	4.04263699028784	5.28534145709887e-05	0.0115950212625424
ENSG00000115590.14_IL1R2	821.986877091646	1.73254367065086	0.465216032698575	3.72417016799895	0.000195958721029279	0.0258705002322055
ENSG00000161914.10_ZNF653	27.0601494761146	1.69282725630436	0.483377317055606	3.5020825276119	0.000461636603587039	0.04084853517853
ENSG00000272398.6_CD24	52.1761971621434	1.68737295270096	0.476636036306774	3.54017074700354	0.000399868234835196	0.0383764774590234
ENSG00000106070.20_GRB10	226.503356082723	1.64448105302633	0.376778069305183	4.36458803469884	1.27362551275053e-05	0.00573033509544451
ENSG00000202058.1_RN7SKP80	8.33690701534437	1.5623522789856	0.444608222956356	3.51399771375565	0.000441416612023113	0.0400286164918323
ENSG00000154917.11_RAB6B	79.98298186107	1.46491599537424	0.418078342577165	3.50392700646496	0.000458451002172943	0.04084853517853
ENSG00000118046.16_STK11	416.927306931261	1.44593248335315	0.381093455823337	3.794167706788	0.000148139525601224	0.0231058156064416
ENSG00000162366.8_PDZK1IP1	271.274036894312	1.43206886520931	0.419290361598083	3.41545858519411	0.000636747114589826	0.046846966958942
ENSG00000239779.7_WBP1	9.60639678836714	1.43140076811311	0.396216591452725	3.61267245994139	0.000303057415199944	0.0316785331585628
ENSG00000136802.12_LRRC8A	180.303112326307	1.26266893944674	0.358146796131022	3.52556257123354	0.000422584335415735	0.0398660609330103
ENSG00000018280.17_SLC11A1	1512.36931780192	1.15040192913783	0.341183831274359	3.37179497879764	0.000746800185296499	0.0490790368966205
ENSG00000285994.1_RP11-495F22.1	46.6595743686612	1.10494217954426	0.303988367086628	3.63481731269469	0.000278177686087067	0.0309916435413954
ENSG00000112977.16_DAP	288.211459130174	0.975433127285666	0.281806938072172	3.46135242076919	0.000537468712788972	0.0426167576941446
ENSG00000184887.14_BTBD6	43.7134289309066	0.955795952414237	0.279195804764781	3.42338937800115	0.000618454182301877	0.0465365509318077
ENSG00000205903.7_ZNF316	200.924621921845	0.950073703131428	0.250963788526513	3.78570035426071	0.000153276281637115	0.0233189754164684
ENSG00000125503.13_PPP1R12C	283.663371149291	0.924509622369018	0.262057941022478	3.52788249332127	0.000418898068818242	0.0398395903173641
ENSG00000196547.15_MAN2A2	850.160406351875	0.914102474671549	0.251110409752583	3.6402412610939	0.00027238269869888	0.0309352699939757
ENSG00000141562.18_NARF	224.229920750272	0.90449134310454	0.244351456710825	3.70159996293761	0.000214244217557982	0.0266620091169497
ENSG00000064999.15_ANKS1A	137.89125341184	0.854751491904526	0.253262320829599	3.37496509194364	0.00073825054577238	0.0487912705335893
ENSG00000183049.13_CAMK1D	243.332401230055	0.796158975219568	0.183954040944313	4.328031997191	1.50447616665037e-05	0.00620624332840108
ENSG00000014216.16_CAPN1	481.443603935765	0.766742129555509	0.218190351321142	3.51409732333666	0.000441251114321929	0.0400286164918323
ENSG00000051009.11_FAM160A2	161.573788889121	0.760838243583216	0.200176257298455	3.80084158756569	0.000144205475019118	0.0231058156064416
ENSG00000148180.21_GSN	426.43848635812	0.724536194719962	0.2005655619503	3.61246560812619	0.00030329934294401	0.0316785331585628
ENSG00000076944.16_STXBP2	332.113357645686	0.579110842582199	0.165878214702665	3.49118082576576	0.000480890662415898	0.04084853517853
ENSG00000167004.13_PDIA3	190.82746755657	-0.427784328575701	0.115233223505342	-3.71233499821229	0.000205355934731846	0.0258705002322055
ENSG00000003056.8_M6PR	119.733315893562	-0.446130854273781	0.132018730820031	-3.37929967590698	0.00072670746561575	0.0487723122663199
ENSG00000109180.15_OCIAD1	80.7726247042668	-0.471403880534623	0.135952819900787	-3.467407891051	0.000525503807020955	0.0423954726519388
ENSG00000127022.16_CANX	509.692937504595	-0.536047494693339	0.116422876308124	-4.60431413216971	4.13827420418757e-06	0.00322730210937241
ENSG00000120802.14_TMPO	212.994603184825	-0.565192173452124	0.150294449830332	-3.7605658365307	0.000169529448009409	0.0238934395519768
ENSG00000111860.14_CEP85L	136.796074631935	-0.570103517916396	0.152717513879991	-3.73305918510693	0.000189168121840861	0.0255661872656996
ENSG00000155561.15_NUP205	103.193818318078	-0.625437187135215	0.183054997048418	-3.4166627364441	0.000633937620821047	0.046846966958942
ENSG00000155313.16_USP25	340.990891591315	-0.630600205224367	0.15672539163009	-4.02359948611733	5.73153562314161e-05	0.0119727685213412
ENSG00000138386.17_NAB1	71.8672555319533	-0.636994627139186	0.183128844529434	-3.4783959281565	0.000504424267511616	0.0412640215479083
ENSG00000144426.19_NBEAL1	55.363388593595	-0.642176190052846	0.180572233894256	-3.55633962211992	0.000376057873158522	0.0372807203407491
ENSG00000081014.11_AP4E1	44.8955501371001	-0.645268262416981	0.1898733695288	-3.39841371129776	0.000677778401579313	0.0475794013669829
ENSG00000103591.13_AAGAB	50.3361222615758	-0.652043121395775	0.176515610394671	-3.69396859539999	0.000220781080989318	0.0267347027299725
ENSG00000204217.15_BMPR2	113.490865810437	-0.658818873389123	0.159347465170875	-4.13447978405331	3.55759566154273e-05	0.00985827922490655
ENSG00000139163.16_ETNK1	147.551103452894	-0.66466613427791	0.183162744847279	-3.62882820320316	0.000284710623056382	0.0309947620959271
ENSG00000196455.8_PIK3R4	68.2099332914247	-0.668272370410989	0.179532892169441	-3.72228376837089	0.000197428962067286	0.0258705002322055
ENSG00000166266.14_CUL5	68.6051372174455	-0.6835564069757	0.167789204595715	-4.07389979958911	4.62323789508781e-05	0.0109767138698754
ENSG00000119537.18_KDSR	28.8863405244415	-0.68378470090886	0.202059604734725	-3.38407422803074	0.00071418692316291	0.0482922463997672
ENSG00000136169.16_SETDB2	66.8346027815751	-0.698657688207114	0.200743151393567	-3.48035628292674	0.000500747396489132	0.0412517115783794
ENSG00000107290.14_SETX	676.861094184903	-0.701175389518331	0.203430665455882	-3.44675365411119	0.000567365674039446	0.044246957699423
ENSG00000004700.16_RECQL	60.1987240620353	-0.702271225243558	0.202331454169516	-3.47089496354425	0.000518726863029996	0.0421393530814228
ENSG00000145781.9_COMMD10	30.787330280653	-0.70913819904898	0.202813965261302	-3.49649590517762	0.000471411728929304	0.04084853517853
ENSG00000163947.12_ARHGEF3	144.754209892025	-0.711565701515665	0.182011251819241	-3.90945996142226	9.25026851381202e-05	0.0164700388913967
ENSG00000146282.18_RARS2	50.1522943475202	-0.71202572843328	0.19909339214565	-3.57634033334659	0.000348437969568039	0.0354437162435385
ENSG00000115233.12_PSMD14	34.59632280571	-0.71308104416397	0.191999616078568	-3.71397119810994	0.000204032025624507	0.0258705002322055
ENSG00000162607.13_USP1	87.8230385172337	-0.719586413664618	0.197243459314745	-3.64821432439168	0.000264069311563096	0.0302851255555402
ENSG00000153879.9_CEBPG	42.3277173578378	-0.725237423856414	0.190826994233107	-3.80049702491511	0.000144406151956546	0.0231058156064416
ENSG00000018189.13_RUFY3	62.8232887858872	-0.730189261806165	0.196713369685275	-3.7119452682571	0.000205672467224749	0.0258705002322055
ENSG00000052723.12_SIKE1	47.4574729681028	-0.731511285947223	0.204180483311842	-3.58266996963659	0.000340100182366978	0.0348990520467449
ENSG00000122376.12_SHLD2	40.7273929626217	-0.731526089802832	0.209873220547063	-3.48556184488907	0.000491104686042775	0.04084853517853
ENSG00000136628.18_EPRS1	124.880570192158	-0.731850367773217	0.194433540814444	-3.76401296148617	0.000167208211049754	0.0238934395519768
ENSG00000167088.11_SNRPD1	23.4291422041728	-0.735372271684256	0.212490729579717	-3.46072637210451	0.000538720084204067	0.0426167576941446
ENSG00000115232.14_ITGA4	466.523027229078	-0.739429671266813	0.207024992349225	-3.57169278392963	0.000354681322801894	0.0357677768460048
ENSG00000108094.16_CUL2	61.7466747965521	-0.744419573179271	0.185903815974677	-4.00432648074675	6.21944222573805e-05	0.0123313618909633
ENSG00000156261.13_CCT8	98.2759164216639	-0.744615611357066	0.213668300808059	-3.48491380584321	0.000492295596903145	0.04084853517853
ENSG00000143353.12_LYPLAL1	34.2097609671968	-0.746324850861951	0.219753539299565	-3.39619035598135	0.00068330820906592	0.0475794013669829
ENSG00000174720.16_LARP7	61.8436557166811	-0.753701939149703	0.208982217387985	-3.60653623341751	0.000310311545545895	0.0321241102636804
ENSG00000115355.17_CCDC88A	179.219774086111	-0.759142005720872	0.224822322346061	-3.37663092258407	0.000733794405784946	0.0487723122663199
ENSG00000205339.10_IPO7	101.291422865253	-0.76245995623093	0.206882788812907	-3.68546828185139	0.000228282512533529	0.0267347027299725
ENSG00000005700.15_IBTK	67.6109728833606	-0.775567453255864	0.222232000276138	-3.48989997971565	0.00048320135979683	0.04084853517853
ENSG00000178177.16_LCORL	56.9308415418481	-0.776170353086552	0.227382366540813	-3.41350283618953	0.000641334909999614	0.0468895986073468
ENSG00000009844.16_VTA1	39.4726427639703	-0.801066509832341	0.217375120269839	-3.6851802949571	0.000228540799538148	0.0267347027299725
ENSG00000055130.17_CUL1	82.8277800340651	-0.80202582078552	0.191286115348811	-4.19280729980336	2.75523476787733e-05	0.00848177271437607
ENSG00000107625.14_DDX50	44.9256329244409	-0.802473199848792	0.237575636362899	-3.3777588145571	0.00073079146440704	0.0487723122663199
ENSG00000093072.18_ADA2	321.775275096307	-0.809032572713805	0.213066976588665	-3.79708101962548	0.000146409947719011	0.0231058156064416
ENSG00000001036.14_FUCA2	29.8324171068862	-0.810307091564954	0.200587049297292	-4.03967800714786	5.35246322599836e-05	0.0115950212625424
ENSG00000136643.12_RPS6KC1	61.2570141121436	-0.812046594267565	0.218720592067773	-3.7127121255046	0.000205050073600671	0.0258705002322055
ENSG00000144843.11_ADPRH	18.2186122851053	-0.828502093813452	0.236893135589914	-3.49736640426623	0.000469875989521916	0.04084853517853
ENSG00000162623.16_TYW3	19.5270873432394	-0.829317949149039	0.244954448144436	-3.38560069201126	0.000710226477488393	0.0482922463997672
ENSG00000074696.13_HACD3	24.7489316445525	-0.830652316327058	0.219438765449035	-3.78534902266382	0.000153492999407426	0.0233189754164684
ENSG00000152558.15_TMEM123	391.602849109161	-0.832607339286266	0.225125788593703	-3.6984094291788	0.000216954736637051	0.0267151211492654
ENSG00000124786.12_SLC35B3	19.8986124057158	-0.840352230898279	0.247183163215707	-3.39971468916327	0.000674562003457015	0.0475794013669829
ENSG00000138760.11_SCARB2	87.2405476265507	-0.844109306183155	0.215405945317609	-3.91869084643204	8.90312206027724e-05	0.0162732377908005
ENSG00000169519.21_METTL15	22.8124091089897	-0.854280093593856	0.2412961319903	-3.54038038880871	0.0003995506996017	0.0383764774590234
ENSG00000136143.16_SUCLA2	28.2458728418568	-0.860415202187167	0.251530938625884	-3.42071320087947	0.000624571593117953	0.0465365509318077
ENSG00000151422.13_FER	47.663447662905	-0.861090028583991	0.202933330141042	-4.24321637054651	2.20338804786186e-05	0.00784116721525708
ENSG00000000460.17_C1orf112	18.5802905965344	-0.861736011486845	0.254483486524749	-3.38621583370612	0.000708636254788083	0.0482922463997672
ENSG00000163558.13_PRKCI	22.6798205854286	-0.865267495525032	0.252134103587708	-3.43177492934445	0.000599644987151342	0.0455496562317948
ENSG00000198743.7_SLC5A3	88.9747397872851	-0.871891455208619	0.254881170895602	-3.42077624700548	0.000624426832232959	0.0465365509318077
ENSG00000095002.15_MSH2	40.9583626314102	-0.874770559979801	0.240982549128538	-3.63001621131166	0.000283403419835387	0.0309947620959271
ENSG00000120798.17_NR2C1	26.60619565231	-0.879546562362175	0.252286731337487	-3.4862973478601	0.000489756296562409	0.04084853517853
ENSG00000185880.13_TRIM69	60.0420282183499	-0.896377715830661	0.251758933210065	-3.560460415054	0.000370205118476566	0.0370141835550331
ENSG00000041357.16_PSMA4	87.1166750190985	-0.8965438525557	0.219318094832378	-4.08786996458691	4.35352051373257e-05	0.0108356346743923
ENSG00000180263.14_FGD6	24.6827570007364	-0.912082563741867	0.261725819525791	-3.48487805060436	0.000492361383157184	0.04084853517853
ENSG00000164187.7_LMBRD2	42.7055702093041	-0.918384028874467	0.243174545456961	-3.77664540155174	0.00015895478131201	0.0238391414331781
ENSG00000141664.10_ZCCHC2	385.382356401554	-0.928039378506632	0.210035757294434	-4.41848278817439	9.93961941197215e-06	0.00508121148093786
ENSG00000136631.15_VPS45	29.6757725735076	-0.937802294392128	0.221325417206731	-4.23721010549893	2.2631433891989e-05	0.00784116721525708
ENSG00000155330.10_C16orf87	19.167200830978	-0.948017010566716	0.221740201613485	-4.27535017858061	1.90837100022973e-05	0.00720133030989916
ENSG00000138459.9_SLC35A5	31.5449597661187	-0.952485353119463	0.281268063055114	-3.38639710023823	0.000708168288294834	0.0482922463997672
ENSG00000082269.17_FAM135A	24.6782721276583	-0.95792960060142	0.270606944166382	-3.53992985491326	0.00040023339459744	0.0383764774590234
ENSG00000069849.11_ATP1B3	53.4061125092285	-0.95905905579969	0.227617799547143	-4.21346246957745	2.514853911188e-05	0.00817187807029924
ENSG00000115919.15_KYNU	55.2059387680318	-0.96879396675935	0.243522807065149	-3.97824737007146	6.94251230047442e-05	0.0133136899821229
ENSG00000011566.15_MAP4K3	32.3557046046789	-0.977773202494937	0.236734840497911	-4.13024631456208	3.62374770619748e-05	0.00985827922490655
ENSG00000066557.6_LRRC40	27.0112621787791	-1.00312660254785	0.295762132799807	-3.39166678658908	0.000694688678651859	0.0480856104311801
ENSG00000123609.11_NMI	65.7147380968685	-1.01339917015978	0.300734969619137	-3.36974170793368	0.000752386725666197	0.0491699436695149
ENSG00000136518.17_ACTL6A	17.1173797613053	-1.01358260053088	0.294491718559904	-3.44180340787649	0.000577850038392412	0.0444716430862792
ENSG00000080200.10_CRYBG3	40.1038709583232	-1.04287251949177	0.233786646961165	-4.4607873591044	8.16590837181695e-06	0.00502762084913235
ENSG00000166750.10_SLFN5	267.789522591986	-1.06439805609573	0.264331890120313	-4.0267485531589	5.65534535947053e-05	0.0119727685213412
ENSG00000171204.13_TMEM126B	19.4459428701638	-1.07490161818581	0.285701276812745	-3.76232696674408	0.000168339770965049	0.0238934395519768
ENSG00000197629.6_MPEG1	522.340407908253	-1.0804094447377	0.280338250727543	-3.85394944119752	0.000116227606404526	0.0194232934245735
ENSG00000203875.13_SNHG5	20.4975532152054	-1.09234211134266	0.295847137642519	-3.69225174881553	0.000222277273169424	0.0267347027299725
ENSG00000186017.15_ZNF566	18.8093553165227	-1.11727060561139	0.280571036394203	-3.98213094255968	6.83001310687035e-05	0.0133136899821229
ENSG00000106605.11_BLVRA	33.5481051106201	-1.13030633305236	0.250869075811079	-4.50556263022053	6.61973103362568e-06	0.00477012766434251
ENSG00000136122.18_BORA	11.3562792381467	-1.13034359942199	0.273629022781217	-4.13093460603325	3.61291356063111e-05	0.00985827922490655
ENSG00000038427.16_VCAN	2353.52353019416	-1.13598546666083	0.274502663414829	-4.13834041728084	3.49827064536484e-05	0.00985827922490655
ENSG00000198429.10_ZNF69	7.14309631825958	-1.15961907331404	0.344611697441009	-3.36500206442514	0.000765430863408379	0.0497445013341734
ENSG00000151490.15_PTPRO	19.4642687598754	-1.16382468582	0.333340157758405	-3.49140257701417	0.000480491662451305	0.04084853517853
ENSG00000102524.12_TNFSF13B	103.35191790702	-1.20205389009767	0.339392362719744	-3.54178237973575	0.000397433213670371	0.0383764774590234
ENSG00000120708.17_TGFBI	104.762155484535	-1.21384926017564	0.356446031452215	-3.40542228855862	0.000660618124365505	0.0475794013669829
ENSG00000134539.17_KLRD1	98.0117425282986	-1.21960122670892	0.354799280448185	-3.43743996653069	0.0005872408797318	0.0448989791575333
ENSG00000160932.11_LY6E	305.088799934112	-1.2211479156164	0.300614789262705	-4.06216846021255	4.86189701847544e-05	0.0111518571219854
ENSG00000240225.10_ZNF542P	18.8910128866858	-1.24439844215646	0.342225190315039	-3.63619767735657	0.000276692031855715	0.0309916435413954
ENSG00000198270.13_TMEM116	19.9168652510379	-1.24461875216042	0.313277201032871	-3.97289923447006	7.10030911639198e-05	0.0133966800070247
ENSG00000205413.8_SAMD9	320.634821338718	-1.25886486384351	0.341272170199765	-3.68874163722938	0.000225365926906661	0.0267347027299725
ENSG00000198924.8_DCLRE1A	14.8807777803777	-1.29135972808852	0.307037944776338	-4.2058636401739	2.60087023016348e-05	0.00822296755471687
ENSG00000185697.17_MYBL1	38.3069590374244	-1.33045122365738	0.384669653904624	-3.45868516050724	0.000542819020039968	0.0426167576941446
ENSG00000121807.7_CCR2	131.127400423748	-1.33573417691568	0.344734388340747	-3.87467633659858	0.000106766508726501	0.0183669796923912
ENSG00000138035.15_PNPT1	45.7906410838568	-1.36959242960743	0.305468109782548	-4.48358563708139	7.33991263106216e-06	0.00477012766434251
ENSG00000168329.14_CX3CR1	96.8951401583816	-1.40211046810087	0.363656830251333	-3.85558678254946	0.00011545236384935	0.0194232934245735
ENSG00000166927.13_MS4A7	57.6587108893762	-1.40581989616012	0.375310044546166	-3.74575611974382	0.000179851249972386	0.0250464276449639
ENSG00000196873.16_CBWD3	16.3579191569715	-1.41936209932514	0.35116984869129	-4.0418108348843	5.30400132442895e-05	0.0115950212625424
ENSG00000143344.16_RGL1	13.5094458458465	-1.43468592647258	0.42068456534259	-3.41036026673387	0.000648771189171553	0.0471386669001791
ENSG00000105967.16_TFEC	73.3096002999689	-1.46948567469073	0.331843372989945	-4.42825077822259	9.50004066125527e-06	0.00508121148093786
ENSG00000138642.15_HERC6	58.234697918805	-1.47792605855161	0.348926290993819	-4.23563972305484	2.2790193650089e-05	0.00784116721525708
ENSG00000121858.11_TNFSF10	153.290164778509	-1.52275265959513	0.442057682796294	-3.44469221745624	0.000571709978733365	0.0442904856372377
ENSG00000282988.2_RP1-34B20.21	10.6885855135001	-1.54091732007511	0.356438556010751	-4.32309382385848	1.53856263056618e-05	0.00620624332840108
ENSG00000130487.9_KLHDC7B	13.0618501578691	-1.54386149124036	0.385418890441617	-4.00567156807335	6.18415272143686e-05	0.0123313618909633
ENSG00000114013.16_CD86	38.7203517869301	-1.54947943416041	0.308346651369382	-5.0251216521376	5.03113512260606e-07	0.000735677733303071
ENSG00000152778.10_IFIT5	89.1840811374512	-1.57554980391327	0.336661701608279	-4.6799199207592	2.86986988506909e-06	0.00258244137811832
ENSG00000177409.12_SAMD9L	294.655992111199	-1.57580536026314	0.411890760001218	-3.82578468198335	0.000130356192862338	0.0214775597761075
ENSG00000153823.19_PID1	12.0407895732563	-1.64011073276366	0.46570286326022	-3.52179654057059	0.000428632975327473	0.0400286164918323
ENSG00000196141.14_SPATS2L	23.2658410741924	-1.64130211335241	0.435683228021638	-3.76719140832039	0.000165094421720835	0.0238934395519768
ENSG00000010704.19_HFE	6.95691084622962	-1.72235818769313	0.391822230621021	-4.39576433670767	1.10383642352553e-05	0.00516507139296065
ENSG00000126709.16_IFI6	142.771652352893	-1.73234632527813	0.420306707849674	-4.12162426372152	3.7621044862573e-05	0.00995476285147533
ENSG00000132530.17_XAF1	228.004996130859	-1.77330255716658	0.419730475276375	-4.22486014626156	2.39089210345467e-05	0.00799104452177507
ENSG00000163823.4_CCR1	107.937212252794	-1.787724615659	0.41257305138203	-4.33311048715012	1.47017279958575e-05	0.00620624332840108
ENSG00000137628.18_DDX60	206.957340118908	-1.81498116946423	0.42210739708836	-4.29980896327268	1.70945402665704e-05	0.00666573106794469
ENSG00000283064.1_RP1-221C16.8	6.63500078304203	-1.82739797498057	0.467920720753482	-3.90535809578587	9.40859564765137e-05	0.0164700388913967
ENSG00000157601.15_MX1	438.307189199035	-1.85805466484092	0.420864650722735	-4.41485085917803	1.01079652414726e-05	0.00508121148093786
ENSG00000139679.16_LPAR6	34.4455435331895	-1.87744210927464	0.402922231793456	-4.65956445470361	3.16879162838712e-06	0.00264775174777661
ENSG00000133106.15_EPSTI1	262.421644983717	-1.9033086900962	0.360359530740494	-5.28169377450664	1.27995008561e-07	0.000477059574660034
ENSG00000119922.11_IFIT2	331.159856638341	-1.9196158459618	0.565024383483659	-3.39740354942985	0.000680285643788922	0.0475794013669829
ENSG00000111331.14_OAS3	463.603353101952	-1.95109330224034	0.476104707330433	-4.09803405049346	4.16673996967493e-05	0.0105962009054907
ENSG00000135114.13_OASL	90.0335395602073	-1.96659252342403	0.407693549827259	-4.8237028136876	1.4091733578945e-06	0.00183161221562776
ENSG00000211663.2_IGLV3-19	51.310537323274	-2.01573656613819	0.573224359123097	-3.51648797553162	0.000437296466152073	0.0400286164918323
ENSG00000089127.15_OAS1	136.854608184955	-2.01838984037758	0.388470097336742	-5.19574055819271	2.0390646890923e-07	0.000477059574660034
ENSG00000111335.14_OAS2	260.137874137626	-2.04154769526447	0.397100028709254	-5.14114214975097	2.73073348483297e-07	0.000532402005092935
ENSG00000188290.11_HES4	18.7016268035549	-2.11715538238608	0.526991345188276	-4.01743861966024	5.88341532829707e-05	0.01207441973867
ENSG00000134321.13_RSAD2	302.024745844864	-2.15998408874188	0.572636705902206	-3.77199726541937	0.000161946031411181	0.0238934395519768
ENSG00000138646.9_HERC5	138.488369760343	-2.20203782052021	0.436140756811738	-5.0489154845731	4.44325238414119e-07	0.000735677733303071
ENSG00000119917.15_IFIT3	297.542194958753	-2.23788385923667	0.610040642468674	-3.66841764866771	0.000244056277809781	0.0282670330477111
ENSG00000150045.12_KLRF1	18.5368570436729	-2.25147239985513	0.510749925109717	-4.40816980907335	1.04247799232782e-05	0.00508121148093786
ENSG00000038945.15_MSR1	16.8592198578536	-2.32265322408704	0.485205047974486	-4.78695189545757	1.69333400518516e-06	0.00191903527733102
ENSG00000137965.11_IFI44	168.798383960499	-2.52046493548706	0.56744053257143	-4.44181335454703	8.92039219172856e-06	0.00508121148093786
ENSG00000185745.10_IFIT1	146.67958919105	-2.52204948641669	0.675832209504523	-3.73176870079291	0.000190140048907152	0.0255661872656996
ENSG00000137959.17_IFI44L	339.579726396109	-2.80249250818225	0.686445457640426	-4.0826149798055	4.4531767119426e-05	0.0108527627450634
